Op. Mode	AZ	EL	X	Y	Z	C1x	C1y	C2x	C2y	C3x	C3y	C4x	C4y	Pitch	Roll	Yaw	F[0]	F[1]	F[2]	F[3]	F[4]	F[5]	F[6]	F[7]	F[8]
TrackerOperationMode_Position	-7.667894	-6.498414	0.000000	0.000000	0.000000	
TrackerOperationMode_Position	-7.667894	-6.498416	0.000000	0.000000	0.000000	
TrackerOperationMode_Position	-7.667894	-6.498412	0.000000	0.000000	0.000000	
TrackerOperationMode_Position	-7.667894	-6.498426	0.000000	0.000000	0.000000	
TrackerOperationMode_Position	-7.667894	-6.498417	0.000000	0.000000	0.000000	
TrackerOperationMode_Position	-7.667894	-6.498414	0.000000	0.000000	0.000000	
TrackerOperationMode_Position	-7.667924	-6.498425	0.000000	0.000000	0.000000	
TrackerOperationMode_Position	-7.667924	-6.498423	0.000000	0.000000	0.000000	
TrackerOperationMode_Position	-7.655016	-6.585263	0.000000	0.000000	0.000000	
TrackerOperationMode_Position	-6.522733	-9.511911	0.000000	0.000000	0.000000	
TrackerOperationMode_Position	-4.626195	-12.775993	0.000000	0.000000	0.000000	
TrackerOperationMode_Position	-2.771557	-15.977913	0.000000	0.000000	0.000000	
TrackerOperationMode_Position	-0.873738	-19.261206	0.000000	0.000000	0.000000	
TrackerOperationMode_Position	0.523398	-22.544752	0.000000	0.000000	0.000000	
TrackerOperationMode_Position	0.235505	-25.744108	0.000000	0.000000	0.000000	
TrackerOperationMode_Position	0.213045	-28.997808	0.000000	0.000000	0.000000	
TrackerOperationMode_Position	0.136357	-35.470749	0.000000	0.000000	0.000000	
TrackerOperationMode_Position	0.113226	-38.729511	0.000000	0.000000	0.000000	
TrackerOperationMode_Position	0.097937	-41.654087	0.000000	0.000000	0.000000	
TrackerOperationMode_Position	0.084052	-43.893978	0.000000	0.000000	0.000000	
TrackerOperationMode_Position	0.075263	-43.691593	0.000000	0.000000	0.000000	
TrackerOperationMode_Position	0.068428	-43.515686	0.000000	0.000000	0.000000	
TrackerOperationMode_Position	0.059883	-43.397202	0.000000	0.000000	0.000000	
TrackerOperationMode_Position	0.057137	-43.382282	0.000000	0.000000	0.000000	
TrackerOperationMode_Position	0.055184	-43.375904	0.000000	0.000000	0.000000	
TrackerOperationMode_Position	0.053688	-43.372417	0.000000	0.000000	0.000000	
TrackerOperationMode_Position	0.052651	-43.371006	0.000000	0.000000	0.000000	
TrackerOperationMode_Position	0.051277	-43.370098	0.000000	0.000000	0.000000	
TrackerOperationMode_Position	0.050881	-43.370056	0.000000	0.000000	0.000000	
TrackerOperationMode_Position	0.050606	-43.370022	0.000000	0.000000	0.000000	
TrackerOperationMode_Position	0.050240	-43.370010	0.000000	0.000000	0.000000	
TrackerOperationMode_Position	0.050026	-43.369991	0.000000	0.000000	0.000000	
TrackerOperationMode_Position	0.049996	-43.369987	0.000000	0.000000	0.000000	
TrackerOperationMode_Position	0.049996	-43.369999	0.000000	0.000000	0.000000	
TrackerOperationMode_Position	0.049935	-43.370007	0.000000	0.000000	0.000000	
TrackerOperationMode_Position	0.049813	-43.369995	0.000000	0.000000	0.000000	
TrackerOperationMode_Position	0.049813	-43.369995	0.000000	0.000000	0.000000	
TrackerOperationMode_Position	0.049813	-43.369995	0.000000	0.000000	0.000000	
TrackerOperationMode_Position	0.049782	-43.369995	0.000000	0.000000	0.000000	
TrackerOperationMode_Position	0.049782	-43.369987	0.000000	0.000000	0.000000	
TrackerOperationMode_Position	0.049782	-43.370007	0.000000	0.000000	0.000000	
TrackerOperationMode_Position	0.049782	-43.370010	0.000000	0.000000	0.000000	
TrackerOperationMode_Position	0.049782	-43.369991	0.000000	0.000000	0.000000	
TrackerOperationMode_Position	0.049782	-43.369995	0.000000	0.000000	0.000000	
TrackerOperationMode_Position	0.049782	-43.369976	0.000000	0.000000	0.000000	
TrackerOperationMode_Position	0.049813	-43.369987	0.000000	0.000000	0.000000	
TrackerOperationMode_Position	0.049813	-43.369995	0.000000	0.000000	0.000000	
TrackerOperationMode_Position	0.049813	-43.369980	0.000000	0.000000	0.000000	
TrackerOperationMode_Position	0.049843	-43.370003	0.000000	0.000000	0.000000	
TrackerOperationMode_Position	0.049904	-43.370003	0.000000	0.000000	0.000000	
TrackerOperationMode_Position	0.049965	-43.370003	0.000000	0.000000	0.000000	
TrackerOperationMode_Position	0.049965	-43.369987	0.000000	0.000000	0.000000	
TrackerOperationMode_Position	0.049965	-43.370003	0.000000	0.000000	0.000000	
TrackerOperationMode_Position	0.049965	-43.369991	0.000000	0.000000	0.000000	
TrackerOperationMode_Position	0.049965	-43.369995	0.000000	0.000000	0.000000	
TrackerOperationMode_Position	0.049965	-43.369987	0.000000	0.000000	0.000000	
TrackerOperationMode_Position	0.049965	-43.370003	0.000000	0.000000	0.000000	
TrackerOperationMode_Position	0.049965	-43.369987	0.000000	0.000000	0.000000	
TrackerOperationMode_Position	0.049965	-43.369999	0.000000	0.000000	0.000000	
TrackerOperationMode_Position	0.049965	-43.369980	0.000000	0.000000	0.000000	
TrackerOperationMode_Position	0.049965	-43.369999	0.000000	0.000000	0.000000	
TrackerOperationMode_Position	0.049965	-43.369995	0.000000	0.000000	0.000000	
TrackerOperationMode_Position	0.049965	-43.370003	0.000000	0.000000	0.000000	
TrackerOperationMode_Position	0.049965	-43.369980	0.000000	0.000000	0.000000	
TrackerOperationMode_Position	0.049965	-43.370003	0.000000	0.000000	0.000000	
TrackerOperationMode_Track	0.049965	-43.369980	-547.982483	0.039291	0.000000	
TrackerOperationMode_Track	0.040169	-43.380955	-923.259094	0.039291	0.000000	
TrackerOperationMode_Track	0.038796	-43.381401	-709.294800	0.039291	0.000000	
TrackerOperationMode_Track	0.038491	-43.381325	-598.438416	0.039291	0.000000	
TrackerOperationMode_Track	0.038430	-43.381340	-420.356537	0.039291	0.000000	
TrackerOperationMode_Track	0.038369	-43.381435	-489.603516	0.039291	0.000000	
TrackerOperationMode_Track	0.038339	-43.381413	-389.698822	0.039291	0.000000	
TrackerOperationMode_Track	0.038155	-43.381382	-558.858459	0.039291	0.000000	
TrackerOperationMode_Track	0.038125	-43.381298	-323.544830	0.039291	0.000000	
TrackerOperationMode_Track	0.038064	-43.381355	-606.355042	0.039291	0.000000	
TrackerOperationMode_Track	0.038064	-43.381401	0.000000	0.000000	0.000000	
TrackerOperationMode_Track	0.037911	-43.381264	0.000000	0.000000	0.000000	
TrackerOperationMode_Track	0.037972	-43.381535	0.000000	0.000000	0.000000	
TrackerOperationMode_Track	0.037911	-43.381359	0.000000	0.000000	0.000000	
TrackerOperationMode_Track	0.037881	-43.381290	0.000000	0.000000	0.000000	
TrackerOperationMode_Track	0.037942	-43.381363	0.000000	0.000000	0.000000	
TrackerOperationMode_Track	0.037911	-43.381393	0.000000	0.000000	0.000000	
TrackerOperationMode_Track	0.037911	-43.381454	0.000000	0.000000	0.000000	
TrackerOperationMode_Track	0.037911	-43.381527	0.000000	0.000000	0.000000	
TrackerOperationMode_Track	0.037911	-43.381413	0.000000	0.000000	0.000000	
TrackerOperationMode_Track	0.037942	-43.381386	0.000000	0.000000	0.000000	
TrackerOperationMode_Track	0.037911	-43.381302	0.000000	0.000000	0.000000	
TrackerOperationMode_Track	0.037942	-43.381447	0.000000	0.000000	0.000000	
TrackerOperationMode_Track	0.037942	-43.381439	0.000000	0.000000	0.000000	
TrackerOperationMode_Track	0.037911	-43.381390	-618.230408	0.039291	0.000000	
TrackerOperationMode_Track	0.037911	-43.381527	-509.389587	0.039291	0.000000	
TrackerOperationMode_Track	0.037911	-43.381470	-523.240295	0.039291	0.000000	
TrackerOperationMode_Track	0.037972	-43.381485	-464.879547	0.039291	0.000000	
TrackerOperationMode_Track	0.038003	-43.381432	-614.271851	0.039291	0.000000	
TrackerOperationMode_Track	0.038003	-43.381542	-515.456909	0.039291	0.000000	
TrackerOperationMode_Track	0.038003	-43.381508	-562.816223	0.039291	0.000000	
TrackerOperationMode_Track	0.038033	-43.381622	-434.205566	0.039291	0.000000	
TrackerOperationMode_Track	0.037942	-43.381546	-424.313385	0.039291	0.000000	
TrackerOperationMode_Track	0.038064	-43.381573	-479.710754	0.039291	0.000000	
TrackerOperationMode_Track	0.038003	-43.381569	-393.655640	0.039291	0.000000	
TrackerOperationMode_Track	0.038003	-43.381607	-523.240295	0.039291	0.000000	
TrackerOperationMode_Track	0.038033	-43.381489	-467.839600	0.039291	0.000000	
TrackerOperationMode_Track	0.038033	-43.381493	-497.517853	0.039291	0.000000	
TrackerOperationMode_Track	0.037972	-43.381603	-610.313416	0.039291	0.000000	
TrackerOperationMode_Track	0.038033	-43.381485	-394.637146	0.039291	0.000000	
TrackerOperationMode_Track	0.037942	-43.381634	-438.162445	0.039291	0.000000	
TrackerOperationMode_Track	0.038003	-43.381531	-440.140900	0.039291	0.000000	
TrackerOperationMode_Track	0.038033	-43.381439	-521.261597	0.039291	0.000000	
TrackerOperationMode_Track	0.038064	-43.381458	-404.529175	0.039291	0.000000	
TrackerOperationMode_Track	0.038033	-43.381531	-486.643372	0.039291	0.000000	
TrackerOperationMode_Track	0.038064	-43.381454	-491.582092	0.039291	0.000000	
TrackerOperationMode_Track	0.038064	-43.381424	-554.900696	0.039291	0.000000	
TrackerOperationMode_Track	0.038033	-43.381432	-510.386627	0.039291	0.000000	
TrackerOperationMode_Track	0.038094	-43.381493	-210.628326	0.039291	0.000000	
TrackerOperationMode_Track	0.141273	-43.310867	-0.225159	91.319038	-86.087685	
TrackerOperationMode_Track	0.141273	-43.311066	-0.225141	91.309509	-86.079292	
TrackerOperationMode_Track	0.141273	-43.311050	-0.225144	91.310974	-86.080589	
TrackerOperationMode_Track	0.141273	-43.311127	-0.225161	91.319366	-86.088768	
TrackerOperationMode_Track	0.141045	-43.311050	-0.224822	91.327301	-86.096001	
TrackerOperationMode_Track	0.141129	-43.311111	-0.224905	91.310158	-86.080025	
TrackerOperationMode_Track	0.141174	-43.311066	-0.224938	91.291733	-86.062553	
TrackerOperationMode_Track	0.141037	-43.311096	-0.224705	91.283157	-86.054565	
TrackerOperationMode_Track	0.141273	-43.311127	-0.225141	91.309425	-86.079376	
TrackerOperationMode_Track	0.141090	-43.311127	-0.224836	91.300171	-86.070686	
TrackerOperationMode_Track	0.140976	-43.311081	-0.224648	91.300247	-86.070610	
TrackerOperationMode_Track	0.140739	-43.311127	-0.224284	91.309418	-86.079391	
TrackerOperationMode_Track	0.141243	-43.311005	-0.225094	91.310318	-86.079865	
TrackerOperationMode_Track	0.141281	-43.311066	-0.225122	91.300255	-86.070602	
TrackerOperationMode_Track	0.141281	-43.311081	-0.225122	91.300240	-86.070618	
TrackerOperationMode_Track	0.141273	-43.311005	-0.225158	91.318130	-86.087227	
TrackerOperationMode_Track	0.141304	-43.311005	-0.225189	91.309608	-86.079193	
TrackerOperationMode_Track	0.141281	-43.310989	-0.225123	91.301094	-86.071136	
TrackerOperationMode_Track	0.141304	-43.310974	-0.225153	91.291870	-86.062408	
TrackerOperationMode_Track	0.141304	-43.310928	-0.225155	91.292671	-86.062981	
TrackerOperationMode_Track	0.140762	-43.310928	-0.224277	91.293381	-86.063652	
TrackerOperationMode_Track	0.141304	-43.310944	-0.225173	91.301872	-86.071732	
TrackerOperationMode_Track	0.141304	-43.310944	-0.225172	91.301155	-86.071075	
TrackerOperationMode_Track	0.141312	-43.311035	-0.225139	91.284683	-86.055801	
TrackerOperationMode_Track	0.141304	-43.311066	-0.225156	91.293167	-86.063889	
TrackerOperationMode_Track	0.141304	-43.310944	-0.225192	91.311104	-86.080452	
TrackerOperationMode_Track	0.141304	-43.311050	-0.225158	91.293915	-86.064522	
TrackerOperationMode_Track	0.141312	-43.311081	-0.225137	91.283905	-86.055199	
TrackerOperationMode_Track	0.141235	-43.311005	-0.225020	91.284737	-86.055748	
TrackerOperationMode_Track	0.141235	-43.311127	-0.225002	91.275307	-86.047241	
TrackerOperationMode_Track	0.141304	-43.311142	-0.225158	91.293762	-86.064674	
TrackerOperationMode_Track	0.141312	-43.311111	-0.225104	91.267509	-86.039856	
TrackerOperationMode_Track	0.141304	-43.311035	-0.225158	91.293922	-86.064514	
TrackerOperationMode_Track	0.141060	-43.310974	-0.224716	91.275543	-86.046989	
TrackerOperationMode_Track	0.141159	-43.311142	-0.224899	91.283112	-86.054611	
TrackerOperationMode_Track	0.141060	-43.310806	-0.224713	91.274353	-86.045403	
TrackerOperationMode_Track	0.140762	-43.311035	-0.224272	91.290375	-86.061150	
TrackerOperationMode_Track	0.141167	-43.310928	-0.224863	91.265648	-86.037552	
TrackerOperationMode_Track	0.141090	-43.310944	-0.224775	91.280563	-86.051636	
TrackerOperationMode_Track	0.141022	-43.310928	-0.224638	91.271347	-86.042900	
TrackerOperationMode_Track	0.141098	-43.310928	-0.224779	91.272057	-86.043571	
TrackerOperationMode_Track	0.141319	-43.310944	-0.225094	91.262787	-86.034889	
TrackerOperationMode_Track	0.141312	-43.310959	-0.225111	91.271278	-86.042961	
TrackerOperationMode_Track	0.141289	-43.310944	-0.225066	91.272736	-86.044273	
TrackerOperationMode_Track	0.141312	-43.310974	-0.225130	91.280518	-86.051674	
TrackerOperationMode_Track	0.141312	-43.310867	-0.225100	91.265747	-86.037445	
TrackerOperationMode_Track	0.141312	-43.310928	-0.225100	91.265656	-86.037544	
TrackerOperationMode_Track	0.141312	-43.310989	-0.225119	91.274796	-86.046356	
TrackerOperationMode_Track	0.141350	-43.310944	-0.225130	91.256386	-86.028870	
TrackerOperationMode_Track	0.141373	-43.310913	-0.225213	91.273506	-86.044876	
TrackerOperationMode_Track	0.141373	-43.310944	-0.225226	91.279846	-86.050964	
TrackerOperationMode_Track	0.141403	-43.310852	-0.225272	91.278557	-86.049484	
TrackerOperationMode_Track	0.141304	-43.310806	-0.225068	91.260849	-86.032677	
TrackerOperationMode_Track	0.141373	-43.310898	-0.225223	91.278511	-86.049538	
TrackerOperationMode_Track	0.141014	-43.310806	-0.224654	91.279343	-86.050079	
TrackerOperationMode_Track	0.141296	-43.311005	-0.225109	91.280472	-86.051720	
TrackerOperationMode_Track	0.141342	-43.311050	-0.225198	91.289650	-86.060501	
TrackerOperationMode_Track	0.141342	-43.310852	-0.225197	91.289932	-86.060204	
TrackerOperationMode_Track	0.141373	-43.310944	-0.225227	91.280556	-86.051643	
TrackerOperationMode_Track	0.141403	-43.310913	-0.225280	91.282738	-86.053589	
TrackerOperationMode_Track	0.141411	-43.310928	-0.225261	91.273491	-86.044891	
TrackerOperationMode_Track	0.141403	-43.310730	-0.225283	91.284431	-86.054649	
TrackerOperationMode_Track	0.141411	-43.310944	-0.225237	91.261368	-86.033546	
TrackerOperationMode_Track	0.141426	-43.311035	-0.225342	91.288948	-86.059814	
TrackerOperationMode_Track	0.141495	-43.310944	-0.225403	91.271317	-86.042931	
TrackerOperationMode_Track	0.141487	-43.310898	-0.225439	91.289169	-86.059586	
TrackerOperationMode_Track	0.141441	-43.310944	-0.225284	91.260658	-86.032875	
TrackerOperationMode_Track	0.141434	-43.310974	-0.225304	91.270554	-86.042313	
TrackerOperationMode_Track	0.141365	-43.311050	-0.225165	91.260521	-86.033028	
TrackerOperationMode_Track	0.141472	-43.310974	-0.225350	91.269142	-86.040970	
TrackerOperationMode_Track	0.141495	-43.310944	-0.225416	91.277710	-86.048958	
TrackerOperationMode_Track	0.141464	-43.310989	-0.225367	91.277634	-86.049034	
TrackerOperationMode_Track	0.141289	-43.310928	-0.225048	91.261383	-86.033539	
TrackerOperationMode_Track	0.141487	-43.311035	-0.225435	91.286819	-86.057800	
TrackerOperationMode_Track	0.141357	-43.311005	-0.225202	91.278336	-86.049721	
TrackerOperationMode_Track	0.141350	-43.311111	-0.225163	91.269638	-86.041862	
TrackerOperationMode_Track	0.141029	-43.311142	-0.224676	91.276718	-86.048584	
TrackerOperationMode_Track	0.140808	-43.311066	-0.224320	91.276817	-86.048485	
TrackerOperationMode_Track	0.140808	-43.311096	-0.224316	91.274635	-86.046532	
TrackerOperationMode_Track	0.140961	-43.310928	-0.224551	91.274200	-86.045563	
TrackerOperationMode_Track	0.140961	-43.311249	-0.224549	91.272285	-86.044746	
TrackerOperationMode_Track	0.140923	-43.311066	-0.224519	91.281784	-86.053185	
TrackerOperationMode_Track	0.140770	-43.311066	-0.224298	91.289612	-86.060539	
TrackerOperationMode_Track	0.141121	-43.311035	-0.224812	91.274734	-86.046417	
TrackerOperationMode_Track	0.135315	-43.310287	-0.215544	91.266624	-86.036530	
TrackerOperationMode_Track	0.141068	-43.310776	-0.224732	91.276558	-86.047333	
TrackerOperationMode_Track	0.141037	-43.310822	-0.224685	91.277176	-86.048103	
TrackerOperationMode_Track	0.101280	-43.308624	-0.161288	91.245094	-86.011093	
TrackerOperationMode_Track	0.125038	-43.282715	-0.199205	91.281059	-85.967155	
TrackerOperationMode_Track	0.014229	-43.250992	-0.022687	91.366570	-85.952072	
TrackerOperationMode_Track	0.064766	-42.777710	-0.104020	92.018272	-85.143471	
TrackerOperationMode_TrackIdle	-0.164077	-39.748962	0.000000	0.000000	0.000000	
TrackerOperationMode_TrackIdle	-1.339968	-33.323097	0.000000	0.000000	0.000000	
TrackerOperationMode_TrackIdle	-2.500113	-28.372602	0.000000	0.000000	0.000000	
TrackerOperationMode_TrackIdle	-3.445330	-24.535032	0.000000	0.000000	0.000000	
TrackerOperationMode_TrackIdle	-3.909547	-21.398884	0.000000	0.000000	0.000000	
TrackerOperationMode_TrackIdle	-4.067836	-20.167698	0.000000	0.000000	0.000000	
TrackerOperationMode_TrackIdle	-4.336869	-18.732563	0.000000	0.000000	0.000000	
TrackerOperationMode_TrackIdle	-4.779693	-17.439909	0.000000	0.000000	0.000000	
TrackerOperationMode_TrackIdle	-5.118639	-16.227360	0.000000	0.000000	0.000000	
TrackerOperationMode_TrackIdle	-5.193771	-15.151410	0.000000	0.000000	0.000000	
TrackerOperationMode_TrackIdle	-5.116565	-14.161367	0.000000	0.000000	0.000000	
TrackerOperationMode_TrackIdle	-5.145433	-12.332792	0.000000	0.000000	0.000000	
TrackerOperationMode_TrackIdle	-5.189011	-11.575410	0.000000	0.000000	0.000000	
TrackerOperationMode_TrackIdle	-5.253126	-10.766038	0.000000	0.000000	0.000000	
TrackerOperationMode_TrackIdle	-5.281781	-9.849374	0.000000	0.000000	0.000000	
TrackerOperationMode_TrackIdle	-5.144396	-7.916231	0.000000	0.000000	0.000000	
TrackerOperationMode_TrackIdle	-4.922449	-6.095416	0.000000	0.000000	0.000000	
TrackerOperationMode_TrackIdle	-4.900294	-5.327594	0.000000	0.000000	0.000000	
TrackerOperationMode_TrackIdle	-4.966332	-4.258646	0.000000	0.000000	0.000000	
TrackerOperationMode_TrackIdle	-5.069630	-3.988759	0.000000	0.000000	0.000000	
TrackerOperationMode_TrackIdle	-5.107379	-3.770395	0.000000	0.000000	0.000000	
TrackerOperationMode_TrackIdle	-5.093250	-3.513569	0.000000	0.000000	0.000000	
TrackerOperationMode_TrackIdle	-5.081257	-3.141103	0.000000	0.000000	0.000000	
TrackerOperationMode_TrackIdle	-5.232771	-2.709416	0.000000	0.000000	0.000000	
TrackerOperationMode_TrackIdle	-5.331004	-2.586979	0.000000	0.000000	0.000000	
TrackerOperationMode_TrackIdle	-5.366556	-2.422769	0.000000	0.000000	0.000000	
TrackerOperationMode_TrackIdle	-5.380197	-2.210316	0.000000	0.000000	0.000000	
TrackerOperationMode_TrackIdle	-5.353525	-2.103300	0.000000	0.000000	0.000000	
TrackerOperationMode_TrackIdle	-5.328166	-1.981850	0.000000	0.000000	0.000000	
TrackerOperationMode_TrackIdle	-5.299786	-1.573557	0.000000	0.000000	0.000000	
TrackerOperationMode_TrackIdle	-5.343546	-1.285057	0.000000	0.000000	0.000000	
TrackerOperationMode_TrackIdle	-5.352091	-1.225664	0.000000	0.000000	0.000000	
TrackerOperationMode_TrackIdle	-5.361612	-1.089293	0.000000	0.000000	0.000000	
TrackerOperationMode_TrackIdle	-5.362192	-0.994658	0.000000	0.000000	0.000000	
TrackerOperationMode_TrackIdle	-5.299419	-0.693668	0.000000	0.000000	0.000000	
TrackerOperationMode_TrackIdle	-5.235274	-0.545658	0.000000	0.000000	0.000000	
TrackerOperationMode_TrackIdle	-5.198898	-0.429095	0.000000	0.000000	0.000000	
TrackerOperationMode_TrackIdle	-5.226454	-0.347031	0.000000	0.000000	0.000000	
TrackerOperationMode_TrackIdle	-5.279706	-0.284747	0.000000	0.000000	0.000000	
TrackerOperationMode_TrackIdle	-5.319560	-0.296653	0.000000	0.000000	0.000000	
TrackerOperationMode_TrackIdle	-5.293072	-0.234028	0.000000	0.000000	0.000000	
TrackerOperationMode_TrackIdle	-5.283093	-0.076529	0.000000	0.000000	0.000000	
TrackerOperationMode_TrackIdle	-5.325389	0.066275	0.000000	0.000000	0.000000	
TrackerOperationMode_TrackIdle	-5.381936	0.092033	0.000000	0.000000	0.000000	
TrackerOperationMode_TrackIdle	-5.492131	0.021205	0.000000	0.000000	0.000000	
TrackerOperationMode_TrackIdle	-5.592988	-0.054825	0.000000	0.000000	0.000000	
TrackerOperationMode_TrackIdle	-5.694180	-0.108190	0.000000	0.000000	0.000000	
TrackerOperationMode_TrackIdle	-5.826439	-0.181367	0.000000	0.000000	0.000000	
TrackerOperationMode_TrackIdle	-5.911305	-0.302956	0.000000	0.000000	0.000000	
TrackerOperationMode_TrackIdle	-5.998612	-0.351126	0.000000	0.000000	0.000000	
TrackerOperationMode_TrackIdle	-6.052962	-0.352276	0.000000	0.000000	0.000000	
TrackerOperationMode_TrackIdle	-6.044113	-0.301025	0.000000	0.000000	0.000000	
TrackerOperationMode_TrackIdle	-6.002854	-0.202287	0.000000	0.000000	0.000000	
TrackerOperationMode_TrackIdle	-5.930897	-0.049796	0.000000	0.000000	0.000000	
TrackerOperationMode_TrackIdle	-5.747951	0.400915	0.000000	0.000000	0.000000	
TrackerOperationMode_TrackIdle	-5.716427	0.569095	0.000000	0.000000	0.000000	
TrackerOperationMode_TrackIdle	-5.714657	0.531464	0.000000	0.000000	0.000000	
TrackerOperationMode_TrackIdle	-5.712673	0.485483	0.000000	0.000000	0.000000	
TrackerOperationMode_TrackIdle	-5.745601	0.374283	0.000000	0.000000	0.000000	
TrackerOperationMode_TrackIdle	-5.754878	0.226048	0.000000	0.000000	0.000000	
TrackerOperationMode_TrackIdle	-5.742030	0.150705	0.000000	0.000000	0.000000	
TrackerOperationMode_TrackIdle	-5.805474	-0.309469	0.000000	0.000000	0.000000	
TrackerOperationMode_TrackIdle	-5.759730	-0.000782	0.000000	0.000000	0.000000	
TrackerOperationMode_TrackIdle	-5.799432	-0.020111	0.000000	0.000000	0.000000	
TrackerOperationMode_Track	-5.827972	0.006775	83.856659	821.563782	0.097580	
TrackerOperationMode_TrackIdle	-5.752345	0.100926	0.000000	0.000000	0.000000	
TrackerOperationMode_TrackIdle	-5.675474	0.136116	0.000000	0.000000	0.000000	
TrackerOperationMode_TrackIdle	-5.707211	0.134089	0.000000	0.000000	0.000000	
TrackerOperationMode_TrackIdle	-5.709621	0.123417	0.000000	0.000000	0.000000	
TrackerOperationMode_TrackIdle	-5.714138	0.117388	0.000000	0.000000	0.000000	
TrackerOperationMode_TrackIdle	-5.721889	0.112710	0.000000	0.000000	0.000000	
TrackerOperationMode_TrackIdle	-5.725246	0.111735	0.000000	0.000000	0.000000	
TrackerOperationMode_TrackIdle	-5.724941	0.108597	0.000000	0.000000	0.000000	
TrackerOperationMode_TrackIdle	-5.700711	0.126367	0.000000	0.000000	0.000000	
TrackerOperationMode_TrackIdle	-5.685941	0.131626	0.000000	0.000000	0.000000	
TrackerOperationMode_Track	-5.957436	0.111977	85.712723	821.370605	1.614038	
TrackerOperationMode_Track	-5.793655	0.203979	83.364052	821.608643	2.940092	
TrackerOperationMode_Track	-5.784889	0.081596	306.526367	3025.633301	4.331058	
TrackerOperationMode_Track	-5.783600	0.076256	306.458771	3025.644531	4.047368	
TrackerOperationMode_Track	-5.782349	0.073814	306.392822	3025.654541	3.917809	
TrackerOperationMode_Track	-5.781151	0.072662	306.329926	3025.660889	3.856851	
TrackerOperationMode_Track	-5.779961	0.071991	306.269104	3025.687500	3.821224	
TrackerOperationMode_Track	-5.779045	0.071602	306.222321	3025.708008	3.800571	
TrackerOperationMode_Track	-5.779594	0.073654	306.249451	3025.685791	3.909281	
TrackerOperationMode_Track	-5.789604	0.072075	306.775116	3025.604004	3.825631	
TrackerOperationMode_TrackIdle	-5.842795	0.058916	0.000000	0.000000	0.000000	
TrackerOperationMode_TrackIdle	-5.898091	0.065988	0.000000	0.000000	0.000000	
TrackerOperationMode_Track	-5.823441	0.083069	83.791550	821.569519	1.197316	
TrackerOperationMode_Track	-5.782181	0.074219	306.386932	3025.679688	3.939559	
TrackerOperationMode_Track	-5.776352	0.071777	306.082977	3025.751709	3.809712	
TrackerOperationMode_Track	-5.775841	0.071602	306.054321	3025.740723	3.800501	
TrackerOperationMode_Track	-5.775650	0.071587	306.045929	3025.755615	3.799590	
TrackerOperationMode_Track	-5.775520	0.071594	306.040558	3025.769531	3.799871	
TrackerOperationMode_Track	-5.775375	0.071579	306.031464	3025.756836	3.799356	
TrackerOperationMode_Track	-5.775360	0.071571	306.033142	3025.784180	3.798881	
TrackerOperationMode_Track	-5.775124	0.071579	306.019257	3025.771729	3.799124	
TrackerOperationMode_Track	-5.775009	0.071548	306.013611	3025.772461	3.797877	
TrackerOperationMode_Track	-5.774956	0.071571	306.012085	3025.786377	3.798765	
TrackerOperationMode_Track	-5.774956	0.071579	306.011993	3025.786377	3.799448	
TrackerOperationMode_Track	-5.774933	0.071602	306.011047	3025.786621	3.800731	
TrackerOperationMode_Track	-5.774918	0.071602	306.009796	3025.786621	3.800368	
TrackerOperationMode_Track	-5.774918	0.071594	306.009918	3025.786621	3.799900	
TrackerOperationMode_Track	-5.774902	0.071556	306.010712	3025.802246	3.798367	
TrackerOperationMode_Track	-5.774879	0.071548	306.009735	3025.802246	3.797899	
TrackerOperationMode_Track	-5.774864	0.071548	306.007202	3025.786865	3.797914	
TrackerOperationMode_Track	-5.774864	0.071556	306.007202	3025.786865	3.798380	
TrackerOperationMode_Track	-5.774864	0.071587	306.007233	3025.786865	3.799576	
TrackerOperationMode_Track	-5.774864	0.071564	306.005829	3025.773193	3.798498	
TrackerOperationMode_Track	-5.774864	0.071556	306.010162	3025.815918	3.798137	
TrackerOperationMode_Track	-5.774872	0.071548	306.009399	3025.802246	3.797716	
TrackerOperationMode_Track	-5.774887	0.071548	306.011414	3025.815918	3.797783	
TrackerOperationMode_Track	-5.774956	0.071541	306.013580	3025.802002	3.797633	
TrackerOperationMode_Track	-5.774940	0.071541	306.011383	3025.786377	3.797361	
TrackerOperationMode_Track	-5.774902	0.071518	306.012115	3025.815918	3.796067	
TrackerOperationMode_Track	-5.774933	0.071503	306.012024	3025.802002	3.795316	
TrackerOperationMode_Track	-5.774933	0.071564	306.012177	3025.802002	3.798677	
TrackerOperationMode_Track	-5.774895	0.071617	306.010406	3025.802246	3.801361	
TrackerOperationMode_Track	-5.774895	0.071587	306.007446	3025.773193	3.799588	
TrackerOperationMode_Track	-5.774963	0.071587	306.016876	3025.829102	3.799660	
TrackerOperationMode_Track	-5.774940	0.071571	306.014191	3025.815430	3.798821	
TrackerOperationMode_Track	-5.775032	0.071556	306.020386	3025.828613	3.798286	
TrackerOperationMode_Track	-5.775040	0.071548	306.019470	3025.815186	3.797777	
TrackerOperationMode_Track	-5.775032	0.071541	306.017639	3025.801514	3.797376	
TrackerOperationMode_Track	-5.775032	0.071541	306.019012	3025.815186	3.797422	
TrackerOperationMode_Track	-5.775024	0.071533	306.019897	3025.828613	3.797267	
TrackerOperationMode_Track	-5.775017	0.071533	306.016846	3025.801514	3.797177	
TrackerOperationMode_Track	-5.775017	0.071533	306.016846	3025.801514	3.796888	
TrackerOperationMode_Track	-5.775017	0.071533	306.018219	3025.815186	3.796833	
TrackerOperationMode_Track	-5.775017	0.071533	306.015259	3025.785889	3.796798	
TrackerOperationMode_Track	-5.775017	0.071518	306.016846	3025.801514	3.796183	
TrackerOperationMode_Track	-5.775017	0.071510	306.016846	3025.801514	3.795874	
TrackerOperationMode_Track	-5.774986	0.071510	306.015228	3025.801758	3.795531	
TrackerOperationMode_Track	-5.775017	0.071518	306.016846	3025.801514	3.795962	
TrackerOperationMode_Track	-5.775024	0.071510	306.018524	3025.815186	3.795612	
TrackerOperationMode_Track	-5.775017	0.071510	306.017975	3025.811279	3.795689	
TrackerOperationMode_Track	-5.775017	0.071518	306.016846	3025.801514	3.796101	
TrackerOperationMode_Track	-5.775017	0.071518	306.019592	3025.828613	3.796271	
TrackerOperationMode_Track	-5.774986	0.071518	306.015228	3025.801758	3.796171	
TrackerOperationMode_Track	-5.774956	0.071518	306.014984	3025.815430	3.795915	
TrackerOperationMode_Track	-5.774956	0.071526	306.016357	3025.829102	3.796280	
TrackerOperationMode_Track	-5.774864	0.071533	306.008789	3025.802490	3.796972	
TrackerOperationMode_Track	-5.774864	0.071533	306.010162	3025.815918	3.796757	
TrackerOperationMode_Track	-5.774834	0.071526	306.011292	3025.843506	3.796606	
TrackerOperationMode_Track	-5.784662	0.070028	0.000000	0.000000	0.000000	
TrackerOperationMode_Track	-5.784692	0.070016	0.000000	0.000000	0.000000	
TrackerOperationMode_Track	-5.784692	0.069977	0.000000	0.000000	0.000000	
TrackerOperationMode_Track	-5.784692	0.069967	0.000000	0.000000	0.000000	
TrackerOperationMode_Track	-5.784662	0.069910	0.000000	0.000000	0.000000	
TrackerOperationMode_Track	-5.784662	0.069909	0.000000	0.000000	0.000000	
TrackerOperationMode_Track	-5.784662	0.069898	0.000000	0.000000	0.000000	
TrackerOperationMode_Track	-5.784631	0.069901	0.000000	0.000000	0.000000	
TrackerOperationMode_Track	-5.784662	0.069925	0.000000	0.000000	0.000000	
TrackerOperationMode_Track	-5.784631	0.070008	0.000000	0.000000	0.000000	
TrackerOperationMode_Track	-5.784570	0.070038	0.000000	0.000000	0.000000	
TrackerOperationMode_Track	-5.784570	0.070004	0.000000	0.000000	0.000000	
TrackerOperationMode_Track	-5.784601	0.070018	0.000000	0.000000	0.000000	
TrackerOperationMode_Track	-5.784631	0.070017	0.000000	0.000000	0.000000	
TrackerOperationMode_Track	-5.784997	0.069758	0.000000	0.000000	0.000000	
TrackerOperationMode_Track	-5.784692	0.070053	0.000000	0.000000	0.000000	
TrackerOperationMode_Track	-5.772964	0.079170	83.067703	821.643127	1.141158	
TrackerOperationMode_Track	-5.775322	0.071930	306.034546	3025.813477	3.817814	
TrackerOperationMode_Track	-5.775291	0.071915	306.032623	3025.813721	3.817032	
TrackerOperationMode_Track	-5.775261	0.071831	306.029327	3025.800293	3.812610	
TrackerOperationMode_Track	-5.775017	0.071663	306.016876	3025.801514	3.803672	
TrackerOperationMode_Track	-5.775017	0.071609	306.015289	3025.785889	3.801140	
TrackerOperationMode_Track	-5.775047	0.071587	306.018463	3025.801270	3.799627	
TrackerOperationMode_Track	-5.775017	0.071594	306.018250	3025.815186	3.800215	
TrackerOperationMode_Track	-5.775047	0.071579	306.019836	3025.814941	3.799365	
TrackerOperationMode_Track	-5.775047	0.071510	306.021210	3025.828613	3.795685	
TrackerOperationMode_Track	-5.775055	0.071434	306.022888	3025.842041	3.791606	
TrackerOperationMode_Track	-5.775063	0.071609	306.021851	3025.828613	3.801257	
TrackerOperationMode_Track	-5.775124	0.071663	306.023651	3025.814697	3.803877	
TrackerOperationMode_Track	-5.775101	0.071663	306.022552	3025.814697	3.803653	
TrackerOperationMode_Track	-5.775230	0.071449	306.028198	3025.800537	3.792576	
TrackerOperationMode_Track	-5.774773	0.071472	306.003937	3025.802734	3.793487	
TrackerOperationMode_Track	-5.774651	0.071198	305.997467	3025.803467	3.778859	
TrackerOperationMode_Track	-5.774773	0.071419	306.002350	3025.787354	3.790861	
TrackerOperationMode_Track	-5.774994	0.071762	306.016632	3025.811523	3.808958	
TrackerOperationMode_Track	-5.775314	0.071732	306.032318	3025.800049	3.807618	
TrackerOperationMode_Track	-5.775368	0.071762	306.036621	3025.813232	3.809290	
TrackerOperationMode_Track	-5.775055	0.071724	306.018646	3025.801270	3.807115	
TrackerOperationMode_Track	-5.774864	0.071701	306.008789	3025.802490	3.805811	
TrackerOperationMode_Track	-5.774864	0.071655	306.008789	3025.802490	3.803203	
TrackerOperationMode_Track	-5.774559	0.071648	305.992676	3025.803955	3.802969	1695.137817	339.501282	1595.487427	994.388550	1837.826904	655.885925	1816.030884	991.130127	64.276611	-15.231899	-34.249256	0.901501	0.381601	-0.204148	-0.336338	0.320916	-0.885375	-0.272346	0.866830	0.417653	
TrackerOperationMode_Track	-5.774933	0.071564	306.010529	3025.786621	3.798541	1695.048340	339.514465	1595.500000	994.359253	1837.762207	655.899963	1815.963623	991.142700	64.272652	-15.234479	-34.242393	0.901549	0.381468	-0.204186	-0.336342	0.321009	-0.885340	-0.272184	0.866854	0.417709	
TrackerOperationMode_Track	-5.774796	0.071640	306.002106	3025.773682	3.802510	1695.129517	339.431976	1595.573242	994.403381	1837.824463	655.872620	1816.014893	991.089600	64.276573	-15.230521	-34.234062	0.901594	0.381384	-0.204142	-0.336257	0.321002	-0.885375	-0.272138	0.866893	0.417656	
TrackerOperationMode_Track	-5.774902	0.071640	306.006378	3025.759521	3.802569	1695.087402	339.488739	1595.586670	994.331238	1837.855957	655.820190	1816.008667	991.159607	64.271912	-15.238000	-34.241856	0.901568	0.381409	-0.204213	-0.336346	0.321026	-0.885332	-0.272116	0.866873	0.417712	
TrackerOperationMode_Track	-5.774834	0.071686	306.002869	3025.759766	3.805082	1695.133789	339.427094	1595.593872	994.376221	1837.889526	655.805725	1816.089722	991.111511	64.275780	-15.238287	-34.243923	0.901563	0.381425	-0.204201	-0.336323	0.320965	-0.885364	-0.272158	0.866889	0.417652	
TrackerOperationMode_Track	-5.774536	0.071663	305.986755	3025.761475	3.803621	1695.131226	339.421112	1595.570190	994.364563	1837.887573	655.873962	1816.087646	991.132385	64.272209	-15.236822	-34.245613	0.901540	0.381483	-0.204198	-0.336358	0.321001	-0.885337	-0.272193	0.866850	0.417710	
TrackerOperationMode_Track	-5.775063	0.071632	306.014801	3025.758545	3.802120	1694.982544	339.417053	1595.449341	994.322449	1837.727661	655.795471	1815.914307	991.104492	64.273483	-15.236335	-34.241798	0.901562	0.381429	-0.204198	-0.336334	0.321003	-0.885346	-0.272148	0.866873	0.417692	
TrackerOperationMode_Track	-5.775116	0.071602	306.016296	3025.744629	3.800622	1695.077148	339.554382	1595.545776	994.365173	1837.792236	655.774597	1816.021851	991.065613	64.280403	-15.240399	-34.247078	0.901560	0.381431	-0.204206	-0.336306	0.320890	-0.885397	-0.272190	0.866914	0.417579	
TrackerOperationMode_Track	-5.774673	0.071663	305.994568	3025.760498	3.803456	1695.050049	339.490723	1595.384033	994.341553	1837.751953	655.891785	1815.978760	991.137207	64.273544	-15.234053	-34.255939	0.901460	0.381684	-0.204176	-0.336405	0.320918	-0.885349	-0.272400	0.866793	0.417695	
TrackerOperationMode_Track	-5.774803	0.071617	306.001251	3025.760010	3.801531	1695.012573	339.424591	1595.429565	994.348145	1837.743896	655.871460	1815.975830	991.049744	64.274879	-15.237209	-34.248459	0.901527	0.381515	-0.204196	-0.336356	0.320949	-0.885357	-0.272241	0.866855	0.417669	
TrackerOperationMode_Track	-5.775139	0.071648	306.020355	3025.771729	3.802909	1695.104614	339.483002	1595.543823	994.362976	1837.820190	655.871887	1815.972900	991.090393	64.275482	-15.232239	-34.239159	0.901564	0.381444	-0.204163	-0.336301	0.320986	-0.885364	-0.272183	0.866873	0.417669	
TrackerOperationMode_Track	-5.774834	0.071594	306.002869	3025.759766	3.799841	1695.048218	339.468628	1595.551025	994.375305	1837.795776	655.831360	1816.005371	991.082764	64.276031	-15.239203	-34.240700	0.901590	0.381360	-0.204207	-0.336304	0.320983	-0.885364	-0.272095	0.866911	0.417648	
TrackerOperationMode_Track	-5.774872	0.071571	306.003540	3025.745850	3.799040	1695.030884	339.425049	1595.504883	994.369629	1837.752686	655.858704	1815.994995	991.059875	64.275246	-15.236779	-34.240273	0.901579	0.381392	-0.204193	-0.336308	0.320992	-0.885359	-0.272125	0.866893	0.417665	
TrackerOperationMode_Track	-5.775391	0.071671	306.031860	3025.756836	3.804411	1695.033569	339.490967	1595.485352	994.341553	1837.781494	655.809509	1815.973999	991.046570	64.277573	-15.239831	-34.248486	0.901541	0.381472	-0.204215	-0.336343	0.320914	-0.885374	-0.272210	0.866887	0.417622	
TrackerOperationMode_Track	-5.774887	0.071640	306.005554	3025.759521	3.802696	1695.041260	339.493713	1595.444092	994.359924	1837.747192	655.877014	1815.984131	991.096008	64.275383	-15.235992	-34.249367	0.901515	0.381547	-0.204187	-0.336357	0.320935	-0.885362	-0.272276	0.866847	0.417663	
TrackerOperationMode_Track	-5.774818	0.071617	306.002045	3025.759766	3.801462	1695.055542	339.531799	1595.457275	994.323486	1837.750000	655.880615	1815.992798	991.030579	64.276474	-15.237109	-34.252178	0.901504	0.381571	-0.204190	-0.336363	0.320907	-0.885369	-0.272305	0.866846	0.417645	
TrackerOperationMode_Track	-5.775047	0.071571	306.012756	3025.744873	3.798786	1695.087036	339.457947	1595.506226	994.272461	1837.790283	655.702820	1816.009644	991.103882	64.275909	-15.236137	-34.248360	0.901523	0.381528	-0.204189	-0.336349	0.320934	-0.885365	-0.272261	0.866855	0.417656	
TrackerOperationMode_Track	-5.774864	0.071533	306.006134	3025.773193	3.797007	1695.071655	339.444275	1595.510742	994.384888	1837.812988	655.844482	1816.029053	991.105835	64.275764	-15.237592	-34.245678	0.901548	0.381464	-0.204197	-0.336334	0.320956	-0.885363	-0.272196	0.866875	0.417656	
TrackerOperationMode_Track	-5.774864	0.071617	306.001740	3025.732422	3.801483	1695.058716	339.485748	1595.506226	994.343628	1837.893555	655.753906	1816.020142	991.088501	64.277596	-15.245824	-34.257519	0.901512	0.381521	-0.204251	-0.336388	0.320874	-0.885372	-0.272249	0.866881	0.417611	
TrackerOperationMode_Track	-5.774864	0.071732	306.004486	3025.759766	3.807337	1695.096680	339.526031	1595.517090	994.341797	1837.835205	655.834106	1816.052246	991.080200	64.276627	-15.240331	-34.254028	0.901507	0.381551	-0.204214	-0.336373	0.320897	-0.885369	-0.272282	0.866859	0.417634	
TrackerOperationMode_Track	-5.774895	0.071602	306.004517	3025.743896	3.800493	1695.119751	339.442719	1595.507935	994.349731	1837.833008	655.890259	1816.083618	991.104919	64.273193	-15.235678	-34.250629	0.901501	0.381578	-0.204192	-0.336383	0.320955	-0.885344	-0.272291	0.866825	0.417698	
TrackerOperationMode_Track	-5.774864	0.071587	306.004456	3025.759766	3.799512	1695.061401	339.377411	1595.527100	994.360168	1837.838989	655.754517	1816.042236	991.089844	64.276299	-15.240471	-34.245605	0.901563	0.381418	-0.204216	-0.336330	0.320953	-0.885365	-0.272150	0.866897	0.417641	
TrackerOperationMode_Track	-5.774498	0.071594	305.983765	3025.747803	3.800053	1695.024658	339.414154	1595.495850	994.346252	1837.730347	655.856323	1816.033447	991.119324	64.271759	-15.237170	-34.242500	0.901561	0.381430	-0.204202	-0.336345	0.321026	-0.885333	-0.272138	0.866864	0.417717	
TrackerOperationMode_Track	-5.775391	0.071632	306.031860	3025.756836	3.802157	1695.124756	339.366425	1595.549927	994.358032	1837.854614	655.878479	1816.082031	991.054688	64.273750	-15.234870	-34.243118	0.901545	0.381473	-0.204192	-0.336343	0.320987	-0.885348	-0.272193	0.866860	0.417691	
TrackerOperationMode_Track	-5.775322	0.071617	306.028656	3025.757080	3.801341	1694.958618	339.420319	1595.449829	994.296387	1837.595947	655.894104	1815.877319	991.067139	64.270203	-15.228841	-34.229488	0.901601	0.381359	-0.204159	-0.336294	0.321104	-0.885324	-0.272070	0.866866	0.417757	
TrackerOperationMode_Track	-5.774895	0.071594	306.006073	3025.759521	3.800126	1694.886475	339.562439	1595.246460	994.397766	1837.557251	655.883850	1815.744385	991.145386	64.277893	-15.230591	-34.246677	0.901513	0.381579	-0.204139	-0.336318	0.320911	-0.885385	-0.272333	0.866841	0.417637	
TrackerOperationMode_Track	-5.784692	0.070063	0.000000	0.000000	0.000000	
TrackerOperationMode_Track	-5.773048	0.078629	83.069038	821.642944	1.133240	
TrackerOperationMode_Track	-5.774910	0.071541	306.006836	3025.759277	3.797606	
TrackerOperationMode_Track	-5.774895	0.071556	306.004669	3025.745850	3.798186	
TrackerOperationMode_Track	-5.774841	0.071564	306.001801	3025.746094	3.798686	
TrackerOperationMode_Track	-5.774864	0.071510	306.005829	3025.773193	3.795788	
TrackerOperationMode_Track	-5.774803	0.071495	306.002625	3025.773682	3.795015	
TrackerOperationMode_Track	-5.774803	0.071533	306.001251	3025.760010	3.796714	
TrackerOperationMode_Track	-5.774803	0.071526	306.002625	3025.773682	3.796298	
TrackerOperationMode_Track	-5.774803	0.071571	306.002625	3025.773682	3.798928	
TrackerOperationMode_Track	-5.774841	0.071503	306.002991	3025.759766	3.795294	
TrackerOperationMode_Track	-5.774818	0.071587	306.000641	3025.746338	3.799593	
TrackerOperationMode_Track	-5.774834	0.071526	306.004211	3025.773438	3.796231	
TrackerOperationMode_Track	-5.774803	0.071602	306.002625	3025.773438	3.800703	
TrackerOperationMode_Track	-5.774849	0.071533	306.002106	3025.746094	3.797150	
TrackerOperationMode_Track	-5.774849	0.071632	306.003662	3025.759766	3.802017	
TrackerOperationMode_Track	-5.774849	0.071533	306.001770	3025.744141	3.796658	
TrackerOperationMode_Track	-5.774849	0.071564	306.004730	3025.773193	3.798585	
TrackerOperationMode_Track	-5.774811	0.071609	306.000214	3025.746338	3.801022	
TrackerOperationMode_Track	-5.774803	0.071533	305.999847	3025.746338	3.796844	
TrackerOperationMode_Track	-5.774803	0.071518	306.005554	3025.802734	3.796190	
TrackerOperationMode_Track	-5.774803	0.071602	306.001251	3025.759766	3.800189	
TrackerOperationMode_Track	-5.774803	0.071541	306.002625	3025.773682	3.797642	
TrackerOperationMode_Track	-5.774803	0.071564	305.999847	3025.746338	3.798541	
TrackerOperationMode_Track	-5.774803	0.071533	305.999847	3025.746338	3.796656	
