Op. Mode	AZ	EL	X	Y	Z	C1x	C1y	C2x	C2y	C3x	C3y	C4x	C4y	Pitch	Roll	Yaw	F[0]	F[1]	F[2]	F[3]	F[4]	F[5]	F[6]	F[7]	F[8]
TrackerOperationMode_Position	-6.234200	2.647938	0.000000	0.000000	0.000000	
TrackerOperationMode_Position	-6.234200	2.647942	0.000000	0.000000	0.000000	
TrackerOperationMode_Position	-6.234108	2.647932	0.000000	0.000000	0.000000	
TrackerOperationMode_Position	-6.234108	2.647937	0.000000	0.000000	0.000000	
TrackerOperationMode_Position	-6.234200	2.647939	0.000000	0.000000	0.000000	
TrackerOperationMode_Position	-6.234138	2.647935	0.000000	0.000000	0.000000	
TrackerOperationMode_Position	-6.234138	2.647934	0.000000	0.000000	0.000000	
TrackerOperationMode_Position	-6.234138	2.647947	0.000000	0.000000	0.000000	
TrackerOperationMode_Position	-6.234200	2.647932	0.000000	0.000000	0.000000	
TrackerOperationMode_Position	-6.217904	2.540058	0.000000	0.000000	0.000000	
TrackerOperationMode_Position	-5.115100	-0.423729	0.000000	0.000000	0.000000	
TrackerOperationMode_Position	-3.323264	-3.632573	0.000000	0.000000	0.000000	
TrackerOperationMode_Position	-1.408813	-6.969962	0.000000	0.000000	0.000000	
TrackerOperationMode_Position	0.381588	-10.254224	0.000000	0.000000	0.000000	
TrackerOperationMode_Position	0.242646	-13.525726	0.000000	0.000000	0.000000	
TrackerOperationMode_Position	0.223665	-16.739502	0.000000	0.000000	0.000000	
TrackerOperationMode_Position	0.178653	-20.030277	0.000000	0.000000	0.000000	
TrackerOperationMode_Position	0.143712	-23.314369	0.000000	0.000000	0.000000	
TrackerOperationMode_Position	0.118902	-26.510553	0.000000	0.000000	0.000000	
TrackerOperationMode_Position	0.099829	-29.765547	0.000000	0.000000	0.000000	
TrackerOperationMode_Position	0.076362	-36.237499	0.000000	0.000000	0.000000	
TrackerOperationMode_Position	0.064186	-42.650028	0.000000	0.000000	0.000000	
TrackerOperationMode_Position	0.059944	-43.878647	0.000000	0.000000	0.000000	
TrackerOperationMode_Position	0.055428	-43.490459	0.000000	0.000000	0.000000	
TrackerOperationMode_Position	0.053932	-43.421898	0.000000	0.000000	0.000000	
TrackerOperationMode_Position	0.052864	-43.392109	0.000000	0.000000	0.000000	
TrackerOperationMode_Position	0.052101	-43.379986	0.000000	0.000000	0.000000	
TrackerOperationMode_Position	0.051491	-43.374573	0.000000	0.000000	0.000000	
TrackerOperationMode_Position	0.051003	-43.371971	0.000000	0.000000	0.000000	
TrackerOperationMode_Position	0.050637	-43.370762	0.000000	0.000000	0.000000	
TrackerOperationMode_Position	0.050270	-43.370125	0.000000	0.000000	0.000000	
TrackerOperationMode_Position	0.049996	-43.369949	0.000000	0.000000	0.000000	
TrackerOperationMode_Position	0.049965	-43.369976	0.000000	0.000000	0.000000	
TrackerOperationMode_Position	0.049904	-43.369987	0.000000	0.000000	0.000000	
TrackerOperationMode_Position	0.049843	-43.369987	0.000000	0.000000	0.000000	
TrackerOperationMode_Position	0.049813	-43.369991	0.000000	0.000000	0.000000	
TrackerOperationMode_Position	0.049813	-43.369987	0.000000	0.000000	0.000000	
TrackerOperationMode_Position	0.049813	-43.369995	0.000000	0.000000	0.000000	
TrackerOperationMode_Position	0.049813	-43.369991	0.000000	0.000000	0.000000	
TrackerOperationMode_Position	0.049843	-43.370003	0.000000	0.000000	0.000000	
TrackerOperationMode_Position	0.049843	-43.370007	0.000000	0.000000	0.000000	
TrackerOperationMode_Position	0.049813	-43.369995	0.000000	0.000000	0.000000	
TrackerOperationMode_Position	0.049813	-43.370010	0.000000	0.000000	0.000000	
TrackerOperationMode_Position	0.049843	-43.369987	0.000000	0.000000	0.000000	
TrackerOperationMode_Position	0.049935	-43.369995	0.000000	0.000000	0.000000	
TrackerOperationMode_Position	0.049965	-43.370007	0.000000	0.000000	0.000000	
TrackerOperationMode_Position	0.049965	-43.369972	0.000000	0.000000	0.000000	
TrackerOperationMode_Position	0.049965	-43.370003	0.000000	0.000000	0.000000	
TrackerOperationMode_Position	0.049965	-43.369995	0.000000	0.000000	0.000000	
TrackerOperationMode_Position	0.049965	-43.369987	0.000000	0.000000	0.000000	
TrackerOperationMode_Position	0.049965	-43.369984	0.000000	0.000000	0.000000	
TrackerOperationMode_Position	0.049965	-43.370014	0.000000	0.000000	0.000000	
TrackerOperationMode_Position	0.049965	-43.370003	0.000000	0.000000	0.000000	
TrackerOperationMode_Position	0.049965	-43.369980	0.000000	0.000000	0.000000	
TrackerOperationMode_Position	0.049965	-43.369968	0.000000	0.000000	0.000000	
TrackerOperationMode_Position	0.049965	-43.370037	0.000000	0.000000	0.000000	
TrackerOperationMode_Position	0.049965	-43.370007	0.000000	0.000000	0.000000	
TrackerOperationMode_Position	0.049965	-43.369995	0.000000	0.000000	0.000000	
TrackerOperationMode_Position	0.049965	-43.370010	0.000000	0.000000	0.000000	
TrackerOperationMode_Position	0.049996	-43.369984	0.000000	0.000000	0.000000	
TrackerOperationMode_Position	0.049996	-43.370018	0.000000	0.000000	0.000000	
TrackerOperationMode_Position	0.049996	-43.369995	0.000000	0.000000	0.000000	
TrackerOperationMode_Position	0.049996	-43.370014	0.000000	0.000000	0.000000	
TrackerOperationMode_Track	0.039864	-43.382179	-673.656311	0.039291	0.000000	
TrackerOperationMode_Track	0.036660	-43.381943	-190.838196	0.039291	0.000000	
TrackerOperationMode_Track	0.036477	-43.381916	-244.268982	0.039291	0.000000	
TrackerOperationMode_Track	0.036172	-43.381924	-182.921692	0.039291	0.000000	
TrackerOperationMode_Track	0.036019	-43.381863	-319.456482	0.039291	0.000000	
TrackerOperationMode_Track	0.035775	-43.381886	-327.370422	0.039291	0.000000	
TrackerOperationMode_Track	0.035745	-43.381840	-152.243408	0.039291	0.000000	
TrackerOperationMode_Track	0.035531	-43.382111	-246.247742	0.039291	0.000000	
TrackerOperationMode_Track	0.035531	-43.382164	-293.735565	0.039291	0.000000	
TrackerOperationMode_Track	0.035500	-43.382114	-359.025635	0.039291	0.000000	
TrackerOperationMode_Track	0.035439	-43.382164	-426.291840	0.039291	0.000000	
TrackerOperationMode_Track	0.035470	-43.382057	-233.393311	0.039291	0.000000	
TrackerOperationMode_Track	0.035470	-43.382057	-282.443695	0.039291	0.000000	
TrackerOperationMode_Track	0.035470	-43.382042	-263.646576	0.039291	0.000000	
TrackerOperationMode_Track	0.035470	-43.382050	-423.331909	0.039291	0.000000	
TrackerOperationMode_Track	0.035470	-43.381947	-184.900879	0.039291	0.000000	
TrackerOperationMode_Track	0.035470	-43.382061	-283.842621	0.039291	0.000000	
TrackerOperationMode_Track	0.035470	-43.381889	-345.176575	0.039291	0.000000	
TrackerOperationMode_Track	0.035470	-43.381966	-481.820679	0.039291	0.000000	
TrackerOperationMode_Track	0.035500	-43.382027	-270.981567	0.039291	0.000000	
TrackerOperationMode_Track	0.035531	-43.381813	-333.305847	0.039291	0.000000	
TrackerOperationMode_Track	0.035562	-43.381798	-308.574646	0.039291	0.000000	
TrackerOperationMode_Track	0.035592	-43.381893	-198.885803	0.039291	0.000000	
TrackerOperationMode_Track	0.138802	-43.311554	-0.221215	91.315094	-86.086006	
TrackerOperationMode_Track	0.138809	-43.311539	-0.221196	91.305878	-86.077286	
TrackerOperationMode_Track	0.138802	-43.311584	-0.221227	91.321419	-86.092110	
TrackerOperationMode_Track	0.138802	-43.311569	-0.221227	91.321480	-86.092049	
TrackerOperationMode_Track	0.138863	-43.311569	-0.221303	91.310806	-86.082016	
TrackerOperationMode_Track	0.138885	-43.311493	-0.221385	91.327255	-86.097313	
TrackerOperationMode_Track	0.138954	-43.311600	-0.221444	91.307899	-86.079399	
TrackerOperationMode_Track	0.138924	-43.311554	-0.221411	91.315804	-86.086685	
TrackerOperationMode_Track	0.138985	-43.311569	-0.221505	91.314362	-86.085358	
TrackerOperationMode_Track	0.138985	-43.311584	-0.221519	91.321434	-86.092094	
TrackerOperationMode_Track	0.138985	-43.311691	-0.221535	91.329109	-86.099617	
TrackerOperationMode_Track	0.138985	-43.311707	-0.221534	91.328369	-86.098984	
TrackerOperationMode_Track	0.138977	-43.311676	-0.221546	91.334816	-86.104958	
TrackerOperationMode_Track	0.138985	-43.311584	-0.221526	91.325012	-86.095421	
TrackerOperationMode_Track	0.138985	-43.311661	-0.221507	91.314934	-86.086182	
TrackerOperationMode_Track	0.138680	-43.311600	-0.221024	91.315735	-86.086761	
TrackerOperationMode_Track	0.138649	-43.311768	-0.220990	91.322586	-86.093727	
TrackerOperationMode_Track	0.138832	-43.311707	-0.221280	91.322678	-86.093628	
TrackerOperationMode_Track	0.138908	-43.311539	-0.221400	91.322227	-86.092674	
TrackerOperationMode_Track	0.139053	-43.311737	-0.221583	91.304146	-86.076271	
TrackerOperationMode_Track	0.138985	-43.311798	-0.221521	91.321831	-86.093094	
TrackerOperationMode_Track	0.138985	-43.311737	-0.221521	91.321907	-86.093025	
TrackerOperationMode_Track	0.139046	-43.311722	-0.221601	91.313423	-86.084938	
TrackerOperationMode_Track	0.138756	-43.311722	-0.221144	91.314850	-86.086273	
TrackerOperationMode_Track	0.139015	-43.311707	-0.221558	91.316292	-86.087585	
TrackerOperationMode_Track	0.138756	-43.311691	-0.221129	91.307785	-86.079529	
TrackerOperationMode_Track	0.139076	-43.311584	-0.221642	91.310066	-86.081390	
TrackerOperationMode_Track	0.138680	-43.311661	-0.221013	91.310669	-86.082161	
TrackerOperationMode_Track	0.138680	-43.311493	-0.221013	91.310913	-86.081902	
TrackerOperationMode_Track	0.138611	-43.311508	-0.220875	91.302376	-86.073883	
TrackerOperationMode_Track	0.138680	-43.311478	-0.221030	91.319458	-86.089920	
TrackerOperationMode_Track	0.138580	-43.311478	-0.220825	91.301704	-86.073158	
TrackerOperationMode_Track	0.138153	-43.311386	-0.220128	91.293304	-86.064987	
TrackerOperationMode_Track	0.138412	-43.311493	-0.220579	91.312340	-86.083237	
TrackerOperationMode_Track	0.137962	-43.311447	-0.219862	91.306007	-86.077141	
TrackerOperationMode_Track	0.138832	-43.311371	-0.221249	91.308250	-86.079025	
TrackerOperationMode_Track	0.138680	-43.311523	-0.220984	91.296669	-86.068542	
TrackerOperationMode_Track	0.138954	-43.311615	-0.221452	91.312149	-86.083443	
TrackerOperationMode_Track	0.138954	-43.311676	-0.221432	91.302124	-86.074135	
TrackerOperationMode_Track	0.138992	-43.311630	-0.221480	91.301468	-86.073418	
TrackerOperationMode_Track	0.138992	-43.311569	-0.221444	91.283798	-86.056564	
TrackerOperationMode_Track	0.138985	-43.311615	-0.221499	91.311447	-86.082764	
TrackerOperationMode_Track	0.138992	-43.311600	-0.221482	91.302925	-86.074707	
TrackerOperationMode_Track	0.138992	-43.311478	-0.221468	91.296013	-86.067810	
TrackerOperationMode_Track	0.139053	-43.311646	-0.221551	91.288658	-86.061378	
TrackerOperationMode_Track	0.139076	-43.311661	-0.221634	91.305702	-86.077469	
TrackerOperationMode_Track	0.139076	-43.311584	-0.221613	91.295143	-86.067322	
TrackerOperationMode_Track	0.139114	-43.311707	-0.221676	91.302086	-86.074181	
TrackerOperationMode_Track	0.139107	-43.311508	-0.221687	91.308060	-86.079239	
TrackerOperationMode_Track	0.139107	-43.311539	-0.221683	91.305878	-86.077286	
TrackerOperationMode_Track	0.139030	-43.311646	-0.221579	91.314247	-86.085487	
TrackerOperationMode_Track	0.139107	-43.311569	-0.221697	91.312943	-86.084023	
TrackerOperationMode_Track	0.139168	-43.311600	-0.221776	91.303650	-86.075363	
TrackerOperationMode_Track	0.139168	-43.311707	-0.221776	91.303497	-86.075539	
TrackerOperationMode_Track	0.138992	-43.311722	-0.221468	91.294952	-86.067513	
TrackerOperationMode_Track	0.138550	-43.311768	-0.220805	91.314064	-86.085678	
TrackerOperationMode_Track	0.138733	-43.311584	-0.221075	91.304382	-86.076012	
TrackerOperationMode_Track	0.138931	-43.311554	-0.221389	91.304428	-86.075966	
TrackerOperationMode_Track	0.138474	-43.311569	-0.220646	91.295883	-86.067955	
TrackerOperationMode_Track	0.138855	-43.311539	-0.221272	91.306602	-86.077942	
TrackerOperationMode_Track	0.138779	-43.311508	-0.221115	91.288864	-86.061157	
TrackerOperationMode_Track	0.138565	-43.311539	-0.220780	91.290962	-86.063210	
TrackerOperationMode_Track	0.138458	-43.311584	-0.220646	91.308640	-86.080040	
TrackerOperationMode_Track	0.138611	-43.311539	-0.220868	91.298782	-86.070572	
TrackerOperationMode_Track	0.138794	-43.311432	-0.221159	91.298927	-86.070412	
TrackerOperationMode_Track	0.138817	-43.311569	-0.221208	91.298737	-86.070618	
TrackerOperationMode_Track	0.138901	-43.311539	-0.221313	91.290955	-86.063217	
TrackerOperationMode_Track	0.138763	-43.311554	-0.221095	91.290947	-86.063225	
TrackerOperationMode_Track	0.138992	-43.311478	-0.221478	91.300995	-86.072495	
TrackerOperationMode_Track	0.138985	-43.311569	-0.221497	91.310097	-86.081345	
TrackerOperationMode_Track	0.138992	-43.311539	-0.221461	91.292381	-86.064552	
TrackerOperationMode_Track	0.139053	-43.311478	-0.221557	91.291756	-86.063789	
TrackerOperationMode_Track	0.139053	-43.311539	-0.221556	91.290962	-86.063210	
TrackerOperationMode_Track	0.138840	-43.311508	-0.221227	91.296684	-86.068527	
TrackerOperationMode_Track	0.128273	-43.309723	-0.204393	91.295853	-86.062332	
TrackerOperationMode_Track	0.104874	-43.309067	-0.167057	91.269203	-86.035156	
TrackerOperationMode_Track	0.109200	-43.304916	-0.173945	91.269753	-86.023186	
TrackerOperationMode_Track	0.072060	-43.309494	-0.114861	91.327614	-86.091461	
TrackerOperationMode_Track	0.022354	-43.229340	-0.035684	91.445213	-85.960930	
TrackerOperationMode_TrackIdle	-0.619413	-39.117470	0.000000	0.000000	0.000000	
TrackerOperationMode_TrackIdle	-1.851638	-35.746143	0.000000	0.000000	0.000000	
TrackerOperationMode_TrackIdle	-3.432422	-31.877028	0.000000	0.000000	0.000000	
TrackerOperationMode_TrackIdle	-4.457470	-29.145346	0.000000	0.000000	0.000000	
TrackerOperationMode_TrackIdle	-5.092670	-24.620306	0.000000	0.000000	0.000000	
TrackerOperationMode_TrackIdle	-5.225569	-22.583090	0.000000	0.000000	0.000000	
TrackerOperationMode_TrackIdle	-5.719204	-18.931414	0.000000	0.000000	0.000000	
TrackerOperationMode_TrackIdle	-6.334477	-15.446350	0.000000	0.000000	0.000000	
TrackerOperationMode_TrackIdle	-6.362339	-13.924519	0.000000	0.000000	0.000000	
TrackerOperationMode_TrackIdle	-6.365024	-11.407656	0.000000	0.000000	0.000000	
TrackerOperationMode_TrackIdle	-6.440400	-10.254223	0.000000	0.000000	0.000000	
TrackerOperationMode_TrackIdle	-6.640679	-9.251261	0.000000	0.000000	0.000000	
TrackerOperationMode_TrackIdle	-6.833665	-8.489326	0.000000	0.000000	0.000000	
TrackerOperationMode_TrackIdle	-7.139227	-7.959218	0.000000	0.000000	0.000000	
TrackerOperationMode_TrackIdle	-7.988622	-7.437382	0.000000	0.000000	0.000000	
TrackerOperationMode_TrackIdle	-8.459308	-7.349491	0.000000	0.000000	0.000000	
TrackerOperationMode_TrackIdle	-8.600080	-7.117161	0.000000	0.000000	0.000000	
TrackerOperationMode_TrackIdle	-8.339439	-6.597003	0.000000	0.000000	0.000000	
TrackerOperationMode_TrackIdle	-8.045382	-6.094250	0.000000	0.000000	0.000000	
TrackerOperationMode_TrackIdle	-7.929359	-5.707796	0.000000	0.000000	0.000000	
TrackerOperationMode_TrackIdle	-7.947883	-5.412314	0.000000	0.000000	0.000000	
TrackerOperationMode_TrackIdle	-8.031773	-5.146390	0.000000	0.000000	0.000000	
TrackerOperationMode_TrackIdle	-8.188108	-4.908654	0.000000	0.000000	0.000000	
TrackerOperationMode_TrackIdle	-8.201077	-4.549001	0.000000	0.000000	0.000000	
TrackerOperationMode_TrackIdle	-8.203671	-4.141688	0.000000	0.000000	0.000000	
TrackerOperationMode_TrackIdle	-8.272120	-3.803608	0.000000	0.000000	0.000000	
TrackerOperationMode_TrackIdle	-8.416066	-3.484036	0.000000	0.000000	0.000000	
TrackerOperationMode_TrackIdle	-9.250648	-2.881058	0.000000	0.000000	0.000000	
TrackerOperationMode_TrackIdle	-9.933425	-2.038711	0.000000	0.000000	0.000000	
TrackerOperationMode_TrackIdle	-10.089388	-1.607168	0.000000	0.000000	0.000000	
TrackerOperationMode_TrackIdle	-10.226706	-1.161780	0.000000	0.000000	0.000000	
TrackerOperationMode_TrackIdle	-10.259845	-0.450267	0.000000	0.000000	0.000000	
TrackerOperationMode_TrackIdle	-10.253712	-0.108942	0.000000	0.000000	0.000000	
TrackerOperationMode_TrackIdle	-10.295273	0.152738	0.000000	0.000000	0.000000	
TrackerOperationMode_TrackIdle	-10.300491	0.343548	0.000000	0.000000	0.000000	
TrackerOperationMode_TrackIdle	-10.321943	0.559413	0.000000	0.000000	0.000000	
TrackerOperationMode_TrackIdle	-10.404914	1.045580	0.000000	0.000000	0.000000	
TrackerOperationMode_TrackIdle	-10.511534	1.184061	0.000000	0.000000	0.000000	
TrackerOperationMode_TrackIdle	-10.665819	1.305886	0.000000	0.000000	0.000000	
TrackerOperationMode_TrackIdle	-10.848452	1.420094	0.000000	0.000000	0.000000	
TrackerOperationMode_TrackIdle	-11.050432	1.610611	0.000000	0.000000	0.000000	
TrackerOperationMode_TrackIdle	-11.208500	1.861129	0.000000	0.000000	0.000000	
TrackerOperationMode_TrackIdle	-11.319057	2.100435	0.000000	0.000000	0.000000	
TrackerOperationMode_TrackIdle	-11.401234	2.656616	0.000000	0.000000	0.000000	
TrackerOperationMode_TrackIdle	-11.412158	2.867375	0.000000	0.000000	0.000000	
TrackerOperationMode_TrackIdle	-11.433519	3.034144	0.000000	0.000000	0.000000	
TrackerOperationMode_TrackIdle	-11.427599	3.162712	0.000000	0.000000	0.000000	
TrackerOperationMode_TrackIdle	-11.424059	3.266632	0.000000	0.000000	0.000000	
TrackerOperationMode_TrackIdle	-11.407856	3.388050	0.000000	0.000000	0.000000	
TrackerOperationMode_TrackIdle	-11.377432	3.473013	0.000000	0.000000	0.000000	
TrackerOperationMode_TrackIdle	-11.332361	3.594132	0.000000	0.000000	0.000000	
TrackerOperationMode_TrackIdle	-11.308224	3.710461	0.000000	0.000000	0.000000	
TrackerOperationMode_TrackIdle	-11.335535	3.784588	0.000000	0.000000	0.000000	
TrackerOperationMode_TrackIdle	-11.375571	3.837360	0.000000	0.000000	0.000000	
TrackerOperationMode_TrackIdle	-11.395986	3.872084	0.000000	0.000000	0.000000	
TrackerOperationMode_TrackIdle	-11.423816	3.910726	0.000000	0.000000	0.000000	
TrackerOperationMode_TrackIdle	-11.446580	3.929615	0.000000	0.000000	0.000000	
TrackerOperationMode_TrackIdle	-11.469161	3.935693	0.000000	0.000000	0.000000	
TrackerOperationMode_TrackIdle	-11.485181	3.968114	0.000000	0.000000	0.000000	
TrackerOperationMode_TrackIdle	-11.495648	4.001422	0.000000	0.000000	0.000000	
TrackerOperationMode_TrackIdle	-11.490491	4.055689	0.000000	0.000000	0.000000	
TrackerOperationMode_TrackIdle	-11.483381	4.090116	0.000000	0.000000	0.000000	
TrackerOperationMode_TrackIdle	-11.472060	4.064483	0.000000	0.000000	0.000000	
TrackerOperationMode_TrackIdle	-11.459274	4.009715	0.000000	0.000000	0.000000	
TrackerOperationMode_TrackIdle	-11.369529	3.578129	0.000000	0.000000	0.000000	
TrackerOperationMode_TrackIdle	-11.336756	3.500501	0.000000	0.000000	0.000000	
TrackerOperationMode_TrackIdle	-11.386007	3.767285	0.000000	0.000000	0.000000	
TrackerOperationMode_TrackIdle	-11.383322	3.860397	0.000000	0.000000	0.000000	
TrackerOperationMode_Track	-11.498718	4.171471	164.126266	806.799072	60.049019	
TrackerOperationMode_Track	-11.400597	3.973000	641.193176	3179.794189	225.292480	
TrackerOperationMode_Track	-11.402206	3.970505	641.302002	3179.871582	225.157043	
TrackerOperationMode_Track	-11.390785	3.959282	640.676819	3180.042725	224.521805	
TrackerOperationMode_Track	-11.381424	3.971008	640.134399	3180.034424	225.180969	
TrackerOperationMode_Track	-11.381706	3.959099	640.172913	3180.143066	224.511185	
TrackerOperationMode_Track	-11.382584	3.958443	640.227295	3180.162354	224.475739	
TrackerOperationMode_Track	-11.380104	3.957924	640.088318	3180.183350	224.446075	
TrackerOperationMode_Track	-11.379944	3.957985	640.079773	3180.186768	224.449341	
TrackerOperationMode_Track	-11.379906	3.958015	640.080627	3180.201660	224.452515	
TrackerOperationMode_Track	-11.379951	3.958054	640.085083	3180.211426	224.455170	
TrackerOperationMode_Track	-11.379883	3.958038	640.078918	3180.198730	224.453476	
TrackerOperationMode_Track	-11.379974	3.958046	640.086365	3180.211182	224.454895	
TrackerOperationMode_Track	-11.380043	3.958061	640.091187	3180.215088	224.455887	
TrackerOperationMode_Track	-11.380035	3.958054	640.093872	3180.230713	224.456650	
TrackerOperationMode_Track	-11.380127	3.958000	640.095886	3180.215576	224.452835	
TrackerOperationMode_Track	-11.379929	3.957993	640.081909	3180.202393	224.451004	
TrackerOperationMode_Track	-11.379593	3.958191	640.071228	3180.245361	224.465363	
TrackerOperationMode_Track	-11.379593	3.958199	640.066223	3180.220703	224.463959	
TrackerOperationMode_Track	-11.379761	3.958168	640.080872	3180.243652	224.463760	
TrackerOperationMode_Track	-11.379837	3.958107	640.085083	3180.243896	224.460541	
TrackerOperationMode_Track	-11.379913	3.958122	640.089172	3180.242188	224.461151	
TrackerOperationMode_Track	-11.379982	3.958168	640.092407	3180.238281	224.463760	
TrackerOperationMode_Track	-11.379929	3.958160	640.087830	3180.231201	224.462830	
TrackerOperationMode_Track	-11.379837	3.958160	640.084778	3180.242920	224.463501	
TrackerOperationMode_Track	-11.379593	3.958130	640.072205	3180.250244	224.461975	
TrackerOperationMode_Track	-11.379593	3.958130	640.074158	3180.259766	224.462387	
TrackerOperationMode_Track	-11.379562	3.958145	640.067810	3180.237305	224.461945	
TrackerOperationMode_Track	-11.379562	3.958138	640.067810	3180.237305	224.461533	
TrackerOperationMode_Track	-11.379562	3.958122	640.072510	3180.260498	224.462112	
TrackerOperationMode_Track	-11.379570	3.958107	640.071167	3180.250977	224.460785	
TrackerOperationMode_Track	-11.379654	3.958092	640.077454	3180.258545	224.460571	
TrackerOperationMode_Track	-11.379593	3.957840	640.072021	3180.249512	224.445633	
TrackerOperationMode_Track	-11.379608	3.957649	640.075684	3180.262451	224.435455	
TrackerOperationMode_Track	-11.379868	3.957642	640.090210	3180.259766	224.435089	
TrackerOperationMode_Track	-11.379997	3.957848	640.097351	3180.260498	224.447067	
TrackerOperationMode_Track	-11.380119	3.958046	640.101135	3180.244141	224.456985	
TrackerOperationMode_Track	-11.380241	3.958260	640.109924	3180.252197	224.469818	
TrackerOperationMode_Track	-11.380112	3.958328	640.107727	3180.278320	224.476059	
TrackerOperationMode_Track	-11.379654	3.957970	640.078857	3180.265869	224.453888	
TrackerOperationMode_Track	-11.379501	3.957939	640.070740	3180.269531	224.452576	
TrackerOperationMode_Track	-11.379280	3.958237	640.058228	3180.268555	224.469208	
TrackerOperationMode_Track	-11.379135	3.958313	640.046387	3180.253174	224.472061	
TrackerOperationMode_Track	-11.379013	3.958229	640.042053	3180.266846	224.468475	
TrackerOperationMode_Track	-11.378983	3.958183	640.040405	3180.267578	224.465530	
TrackerOperationMode_Track	-11.379013	3.958229	640.047424	3180.293701	224.470200	
TrackerOperationMode_Track	-11.379066	3.958267	640.050964	3180.296143	224.472656	
TrackerOperationMode_Track	-11.379326	3.958160	640.064453	3180.287842	224.466171	
TrackerOperationMode_Track	-11.379417	3.958115	640.068054	3180.278320	224.462997	
TrackerOperationMode_Track	-11.379402	3.958138	640.064697	3180.267822	224.463852	
TrackerOperationMode_Track	-11.379196	3.958199	640.057861	3180.292725	224.468811	
TrackerOperationMode_Track	-11.379196	3.958237	640.054932	3180.278320	224.469788	
TrackerOperationMode_Track	-11.379219	3.958221	640.055847	3180.276123	224.468948	
TrackerOperationMode_Track	-11.379402	3.958191	640.063782	3180.263916	224.466156	
TrackerOperationMode_Track	-11.379532	3.958145	640.071228	3180.263428	224.464081	
TrackerOperationMode_Track	-11.379608	3.958122	640.075745	3180.262451	224.462509	
TrackerOperationMode_Track	-11.379616	3.958107	640.078979	3180.276123	224.462708	
TrackerOperationMode_Track	-11.379585	3.958099	640.077148	3180.276611	224.462219	
TrackerOperationMode_Track	-11.379555	3.958061	640.074829	3180.272949	224.460083	
TrackerOperationMode_Track	-11.379501	3.957993	640.074768	3180.289307	224.456894	
TrackerOperationMode_Track	-11.379471	3.958153	640.068359	3180.266113	224.464462	
TrackerOperationMode_Track	-11.379349	3.958130	640.064270	3180.280762	224.464050	
TrackerOperationMode_Track	-11.379280	3.958023	640.061279	3180.283691	224.458206	
TrackerOperationMode_Track	-11.379555	3.957954	640.081909	3180.308838	224.456329	
TrackerOperationMode_Track	-11.379768	3.958115	640.089233	3180.284668	224.463547	
TrackerOperationMode_Track	-11.379776	3.958221	640.089417	3180.283203	224.469940	
TrackerOperationMode_Track	-11.384420	3.956894	0.000000	0.000000	0.000000	
TrackerOperationMode_Track	-11.384420	3.956959	0.000000	0.000000	0.000000	
TrackerOperationMode_Track	-11.384451	3.956939	0.000000	0.000000	0.000000	
TrackerOperationMode_Track	-11.384542	3.956916	0.000000	0.000000	0.000000	
TrackerOperationMode_Track	-11.384573	3.956905	0.000000	0.000000	0.000000	
TrackerOperationMode_Track	-11.384542	3.956903	0.000000	0.000000	0.000000	
TrackerOperationMode_Track	-11.384542	3.956901	0.000000	0.000000	0.000000	
TrackerOperationMode_Track	-11.384542	3.956912	0.000000	0.000000	0.000000	
TrackerOperationMode_Track	-11.384481	3.956919	0.000000	0.000000	0.000000	
TrackerOperationMode_Track	-11.384420	3.956925	0.000000	0.000000	0.000000	
TrackerOperationMode_Track	-11.384420	3.956928	0.000000	0.000000	0.000000	
TrackerOperationMode_Track	-11.384390	3.956927	0.000000	0.000000	0.000000	
TrackerOperationMode_Track	-11.384359	3.956934	0.000000	0.000000	0.000000	
TrackerOperationMode_Track	-11.377480	3.965355	162.460327	807.351074	57.086731	
TrackerOperationMode_Track	-11.379471	3.958206	640.067139	3180.260010	224.467133	
TrackerOperationMode_Track	-11.379440	3.958191	640.070862	3180.287109	224.468216	
TrackerOperationMode_Track	-11.379318	3.958191	640.062134	3180.279053	224.467407	
TrackerOperationMode_Track	-11.379280	3.958153	640.060486	3180.279541	224.465393	
TrackerOperationMode_Track	-11.379158	3.958115	640.053711	3180.281250	224.462830	
TrackerOperationMode_Track	-11.378952	3.958092	640.041870	3180.283447	224.461884	
TrackerOperationMode_Track	-11.378952	3.958145	640.034363	3180.245850	224.462158	
TrackerOperationMode_Track	-11.378990	3.958153	640.041443	3180.270508	224.464249	
TrackerOperationMode_Track	-11.379021	3.958145	640.045776	3180.284668	224.464874	
TrackerOperationMode_Track	-11.379051	3.958214	640.044861	3180.269775	224.467911	
TrackerOperationMode_Track	-11.379051	3.958290	640.042236	3180.255859	224.471283	
TrackerOperationMode_Track	-11.378983	3.958313	640.045105	3180.291016	224.474640	
TrackerOperationMode_Track	-11.378983	3.958336	640.043213	3180.281494	224.475784	
TrackerOperationMode_Track	-11.379059	3.958351	640.047485	3180.280518	224.476517	
TrackerOperationMode_Track	-11.379288	3.958351	640.060242	3180.277100	224.476273	
TrackerOperationMode_Track	-11.379402	3.958313	640.066223	3180.275879	224.474106	
TrackerOperationMode_Track	-11.379448	3.958290	640.070923	3180.285889	224.473755	
TrackerOperationMode_Track	-11.379593	3.958229	640.077148	3180.275879	224.469681	
TrackerOperationMode_Track	-11.379547	3.958206	640.072693	3180.264160	224.467468	
TrackerOperationMode_Track	-11.379524	3.958191	640.070984	3180.264160	224.466385	
TrackerOperationMode_Track	-11.379478	3.958176	640.068176	3180.260986	224.465210	
TrackerOperationMode_Track	-11.379478	3.958160	640.067505	3180.261230	224.464676	
TrackerOperationMode_Track	-11.379478	3.958130	640.065918	3180.251709	224.462051	
TrackerOperationMode_Track	-11.379501	3.958115	640.065918	3180.245117	224.460815	
TrackerOperationMode_Track	-11.379517	3.958115	640.070618	3180.263916	224.462128	
TrackerOperationMode_Track	-11.379555	3.958122	640.078369	3180.290039	224.464233	
TrackerOperationMode_Track	-11.379593	3.958115	640.077515	3180.276367	224.462799	
TrackerOperationMode_Track	-11.379608	3.958130	640.072388	3180.246338	224.461441	
TrackerOperationMode_Track	-11.379532	3.958138	640.069031	3180.251953	224.462555	
TrackerOperationMode_Track	-11.379501	3.958160	640.072754	3180.279297	224.465897	
TrackerOperationMode_Track	-11.379501	3.958168	640.069275	3180.261963	224.464752	
TrackerOperationMode_Track	-11.379471	3.958191	640.065430	3180.251465	224.465393	
TrackerOperationMode_Track	-11.379471	3.958183	640.065186	3180.250488	224.464935	
TrackerOperationMode_Track	-11.379471	3.958191	640.064087	3180.244629	224.464767	
TrackerOperationMode_Track	-11.379486	3.958191	640.066101	3180.250488	224.465149	
TrackerOperationMode_Track	-11.379570	3.958183	640.075195	3180.271484	224.466553	
TrackerOperationMode_Track	-11.379623	3.958168	640.075562	3180.257568	224.464737	
TrackerOperationMode_Track	-11.379677	3.958153	640.078491	3180.257080	224.464066	
TrackerOperationMode_Track	-11.379715	3.958145	640.078918	3180.248047	224.462830	
TrackerOperationMode_Track	-11.379791	3.958130	640.083130	3180.248291	224.461975	
TrackerOperationMode_Track	-11.379868	3.958130	640.086426	3180.241455	224.461609	
TrackerOperationMode_Track	-11.379829	3.958130	640.085938	3180.249512	224.462158	
TrackerOperationMode_Track	-11.379799	3.958138	640.084412	3180.251709	224.462769	
TrackerOperationMode_Track	-11.379738	3.958153	640.086243	3180.276611	224.465576	
TrackerOperationMode_Track	-11.379684	3.958168	640.074402	3180.234863	224.463242	
TrackerOperationMode_Track	-11.379593	3.958168	640.069336	3180.235840	224.463043	
TrackerOperationMode_Track	-11.379593	3.958191	640.074890	3180.263428	224.466400	
TrackerOperationMode_Track	-11.379562	3.958199	640.073975	3180.267578	224.467422	
TrackerOperationMode_Track	-11.379562	3.958206	640.068359	3180.239990	224.465805	
TrackerOperationMode_Track	-11.379593	3.958221	640.068909	3180.233887	224.466248	
TrackerOperationMode_Track	-11.379608	3.958229	640.070435	3180.235596	224.466537	
TrackerOperationMode_Track	-11.379639	3.958237	640.071106	3180.231445	224.466766	
TrackerOperationMode_Track	-11.379738	3.958237	640.077942	3180.236084	224.467010	
TrackerOperationMode_Track	-11.379822	3.958229	640.082214	3180.233154	224.466721	
TrackerOperationMode_Track	-11.379875	3.958206	640.089844	3180.255615	224.467224	
TrackerOperationMode_Track	-11.379936	3.958191	640.090759	3180.243408	224.465576	
TrackerOperationMode_Track	-11.379936	3.958183	640.090332	3180.243408	224.464828	
TrackerOperationMode_Track	-11.379875	3.958145	640.087402	3180.244385	224.462952	
TrackerOperationMode_Track	-11.379837	3.958130	640.085388	3180.245605	224.462082	
TrackerOperationMode_Track	-11.379776	3.958076	640.081238	3180.242920	224.458740	
TrackerOperationMode_Track	-11.379784	3.958061	640.081726	3180.242920	224.458008	
TrackerOperationMode_Track	-11.379829	3.958054	640.087708	3180.259766	224.458420	
TrackerOperationMode_Track	-11.379868	3.958015	640.083679	3180.226807	224.454071	
TrackerOperationMode_Track	-11.379921	3.957993	640.091919	3180.253906	224.454697	
TrackerOperationMode_Track	-11.379921	3.957954	640.090088	3180.244385	224.452072	
TrackerOperationMode_Track	-11.379868	3.957886	640.086060	3180.240723	224.447647	
TrackerOperationMode_Track	-11.379868	3.957870	640.084778	3180.234131	224.446213	
TrackerOperationMode_Track	-11.379776	3.957886	640.081360	3180.243652	224.447754	
TrackerOperationMode_Track	-11.379593	3.957886	640.068909	3180.234131	224.447113	
TrackerOperationMode_Track	-11.379440	3.957893	640.067017	3180.268311	224.449677	
TrackerOperationMode_Track	-11.379227	3.958107	640.049683	3180.243408	224.459930	
TrackerOperationMode_Track	-11.379196	3.958130	640.049988	3180.253906	224.461960	
TrackerOperationMode_Track	-11.379257	3.958122	640.052673	3180.249268	224.461227	
TrackerOperationMode_Track	-11.379219	3.958138	640.049011	3180.240234	224.461548	
TrackerOperationMode_Track	-11.379196	3.958168	640.052307	3180.265381	224.464966	
TrackerOperationMode_Track	-11.379196	3.958260	640.050476	3180.256104	224.469543	
TrackerOperationMode_Track	-11.379196	3.958282	640.046631	3180.237061	224.469360	
TrackerOperationMode_Track	-11.379013	3.958321	640.034546	3180.229492	224.470718	
TrackerOperationMode_Track	-11.378952	3.958374	640.035889	3180.253662	224.475510	
TrackerOperationMode_Track	-11.378983	3.958389	640.034485	3180.238037	224.475128	
TrackerOperationMode_Track	-11.378960	3.958382	640.032837	3180.236328	224.474640	
TrackerOperationMode_Track	-11.379044	3.958336	640.040466	3180.249023	224.473206	
TrackerOperationMode_Track	-11.379028	3.958305	640.037720	3180.239990	224.470886	
TrackerOperationMode_Track	-11.379044	3.958290	640.037598	3180.235840	224.469635	
TrackerOperationMode_Track	-11.379257	3.958267	640.051758	3180.245117	224.469360	
TrackerOperationMode_Track	-11.379372	3.958252	640.055298	3180.229492	224.467407	
TrackerOperationMode_Track	-11.379494	3.958206	640.065918	3180.247314	224.466385	
TrackerOperationMode_Track	-11.379562	3.958191	640.069397	3180.244629	224.465469	
TrackerOperationMode_Track	-11.379486	3.958191	640.063171	3180.234863	224.464661	
TrackerOperationMode_Track	-11.379318	3.958214	640.052856	3180.233154	224.465332	
TrackerOperationMode_Track	-11.379280	3.958206	640.051147	3180.233398	224.465164	
TrackerOperationMode_Track	-11.379280	3.958206	640.050781	3180.231445	224.465103	
TrackerOperationMode_Track	-11.379280	3.958221	640.053833	3180.246826	224.466858	
TrackerOperationMode_Track	-11.379280	3.958237	640.054443	3180.249756	224.467621	
TrackerOperationMode_Track	-11.379318	3.958229	640.055237	3180.244629	224.467102	
TrackerOperationMode_Track	-11.379562	3.958206	640.063721	3180.216309	224.464172	
TrackerOperationMode_Track	-11.379570	3.958191	640.066040	3180.225830	224.463928	
TrackerOperationMode_Track	-11.379578	3.958176	640.072266	3180.254150	224.464905	
TrackerOperationMode_Track	-11.379608	3.958153	640.071045	3180.239502	224.462509	
TrackerOperationMode_Track	-11.379684	3.958160	640.071350	3180.218750	224.461639	
TrackerOperationMode_Track	-11.379776	3.958153	640.078308	3180.228271	224.461914	
TrackerOperationMode_Track	-11.379799	3.958168	640.081055	3180.235840	224.463348	
TrackerOperationMode_Track	-11.379593	3.958206	640.065857	3180.218750	224.464157	
TrackerOperationMode_Track	-11.379532	3.958275	640.060242	3180.208496	224.467407	
TrackerOperationMode_Track	-11.379562	3.958260	640.070068	3180.248291	224.469299	
TrackerOperationMode_Track	-11.379601	3.958260	640.066711	3180.220459	224.467636	
TrackerOperationMode_Track	-11.379593	3.958282	640.071655	3180.247803	224.470490	
TrackerOperationMode_Track	-11.379616	3.958275	640.075989	3180.261230	224.471283	
TrackerOperationMode_Track	-11.379646	3.958290	640.074768	3180.247314	224.471024	
TrackerOperationMode_Track	-11.379684	3.958305	640.074341	3180.233643	224.470871	
TrackerOperationMode_Track	-11.379807	3.958313	640.088257	3180.268311	224.473969	
TrackerOperationMode_Track	-11.379829	3.958328	640.081909	3180.230713	224.472214	
TrackerOperationMode_Track	-11.379784	3.958321	640.079529	3180.232422	224.471527	
TrackerOperationMode_Track	-11.379753	3.958313	640.077087	3180.227051	224.470734	
TrackerOperationMode_Track	-11.379593	3.958229	640.067932	3180.229004	224.466141	
TrackerOperationMode_Track	-11.379593	3.958176	640.065308	3180.215820	224.462021	
TrackerOperationMode_Track	-11.379593	3.958122	640.065308	3180.216064	224.458908	
TrackerOperationMode_Track	-11.379562	3.958069	640.063721	3180.216797	224.456253	
TrackerOperationMode_Track	-11.379593	3.958046	640.066162	3180.220215	224.455170	
TrackerOperationMode_Track	-11.379593	3.958031	640.070984	3180.244141	224.455887	
TrackerOperationMode_Track	-11.379601	3.958054	640.066589	3180.220215	224.455353	
TrackerOperationMode_Track	-11.379616	3.958076	640.067627	3180.219727	224.456985	
TrackerOperationMode_Track	-11.379623	3.958084	640.073792	3180.249512	224.459656	
